105
2    15
61    96
103    76
103    35
2    39
103    28
103    79
2    99
2    95
103    37
72    3
2    18
4    23
2    19
96    20
103    85
66    83
103    24
42    3
103    51
103    64
103    1
103    81
36    65
58    23
2    25
4    34
103    47
4    73
103    13
103    41
2    50
80    100
103    90
103    88
87    65
4    4
2    86
58    34
2    82
2    26
103    8
4    58
58    73
2    21
2    40
56    31
103    27
96    9
103    104
58    4
56    64
2    44
94    32
4    60
2    30
58    58
2    71
54    62
66    33
103    103
66    16
4    14
103    59
2    69
2    67
58    60
103    46
103    11
103    89
75    64
103    45
58    14
103    53
103    7
103    38
103    12
4    57
103    98
103    49
4    97
103    105
103    93
2    70
103    6
58    57
103    74
103    78
103    22
43    64
58    97
2    101
2    77
66    68
103    75
84    64
94    102
2    91
103    17
103    63
103    48
2    5
103    55
66    52
103    92
103    72
103    29
56    75
103    10
