380
25    25
367    343
261    123
146    287
25    332
182    133
9    26
113    260
211    377
77    250
23    20
259    186
69    345
256    231
182    93
372    355
230    230
12    145
180    78
199    113
32    144
15    265
275    327
58    184
339    339
257    61
222    72
71    186
294    365
154    227
333    298
186    108
373    257
118    124
366    187
365    362
78    23
366    362
333    225
58    92
270    185
211    123
263    23
183    78
107    145
49    163
79    104
38    80
38    66
371    90
362    129
288    229
364    364
245    367
260    202
116    165
24    84
32    362
69    65
211    29
171    145
71    233
131    131
308    85
154    54
12    25
231    231
286    167
109    40
98    291
270    218
154    290
9    52
307    138
114    144
25    9
192    192
145    292
371    190
71    123
238    149
254    32
154    154
220    217
30    216
364    379
162    265
199    250
231    205
361    26
316    364
199    72
374    230
233    364
262    250
304    361
58    70
12    242
107    25
90    260
236    150
78    78
307    87
155    155
45    362
58    19
30    330
144    108
163    349
244    359
58    125
307    57
40    28
118    60
171    332
270    102
18    5
280    55
60    60
212    310
333    198
32    93
171    252
364    293
58    311
255    250
145    364
211    235
86    361
192    108
322    99
109    90
115    74
23    368
366    265
349    324
358    135
371    339
261    145
38    334
183    186
288    221
135    280
58    214
295    145
304    252
144    71
270    352
263    40
180    230
159    269
109    190
58    14
275    37
192    246
23    170
257    276
38    16
20    142
17    206
270    188
90    244
264    78
243    133
129    40
296    135
254    62
263    307
211    74
116    218
243    93
179    362
199    14
118    349
358    319
286    286
186    78
104    163
286    61
60    349
38    23
183    233
86    332
25    373
23    5
77    77
275    330
116    339
82    148
372    40
211    12
108    71
233    40
38    17
261    25
45    127
15    150
207    12
307    336
362    362
199    346
307    6
154    124
163    194
270    278
372    33
255    287
58    203
270    315
163    200
58    176
201    3
365    186
211    164
244    297
118    297
350    335
111    355
145    277
350    242
333    244
371    195
371    74
48    267
71    145
245    91
232    25
58    63
236    241
12    66
215    145
109    339
326    252
145    40
204    267
12    302
58    348
147    147
211    135
78    230
78    233
129    90
211    332
303    197
288    311
17    370
154    226
186    152
38    78
270    242
371    213
102    320
86    9
231    142
371    89
372    35
233    90
17    66
365    123
110    3
58    121
75    52
193    357
71    135
71    25
344    145
174    324
118    194
215    25
270    270
210    337
288    14
43    166
25    362
58    375
118    200
304    134
233    190
371    332
32    49
163    266
378    197
60    200
23    34
106    33
304    234
328    36
108    78
153    145
119    56
264    312
199    375
372    196
86    94
155    260
109    195
109    74
373    33
333    333
199    197
128    145
10    123
49    49
207    207
211    9
154    268
113    88
50    177
232    145
192    265
371    369
23    9
344    25
288    203
163    163
286    276
254    181
201    101
86    257
15    241
113    305
192    44
49    29
339    56
211    10
349    163
145    123
109    213
270    7
207    136
83    240
23    27
153    25
199    237
109    89
135    180
303    303
304    313
358    108
163    314
354    284
372    339
140    324
32    51
128    25
339    99
371    9
350    302
144    186
118    266
231    113
106    77
147    237
38    377
119    163
199    88
303    145
109    332
285    45
236    380
371    26
263    170
306    99
110    101
39    281
333    299
135    172
358    144
135    205
270    42
325    279
39    39
145    339
327    327
263    74
108    186
118    163
78    145
154    155
288    375
211    80
211    66
257    358
86    179
60    163
358    71
322    186
104    347
38    123
192    97
109    369
114    261
263    145
17    250
68    253
163    289
256    244
129    283
307    307
362    230
207    229
90    305
109    372
38    29
118    314
303    332
58    12
270    345
349    289
233    74
10    274
339    248
105    271
211    99
50    253
303    252
10    253
58    158
108    233
351    103
90    131
15    132
143    337
32    145
361    333
233    283
32    12
109    9
262    145
108    239
78    25
47    72
154    194
4    253
108    123
58    139
115    163
244    342
154    318
322    123
118    342
192    122
10    12
109    26
163    115
60    342
353    115
58    376
114    274
79    290
255    5
145    5
378    332
264    12
231    244
257    257
307    35
193    157
120    45
270    117
296    31
71    108
83    41
15    380
145    283
119    78
186    145
347    347
145    145
363    144
369    339
364    323
270    350
264    60
304    93
118    289
32    332
154    28
20    20
262    25
211    334
58    301
114    12
95    52
233    332
244    244
303    151
372    81
118    244
10    135
227    324
358    78
256    333
341    369
10    332
236    11
131    78
211    16
236    187
102    132
154    99
364    282
307    375
307    208
333    231
39    113
17    307
58    141
363    362
254    219
288    309
45    25
372    369
71    71
186    135
211    23
233    369
154    266
373    321
244    115
118    115
1    356
28    74
255    332
163    290
38    74
145    332
201    360
295    223
179    253
73    54
60    115
86    22
10    369
211    17
368    33
322    209
23    23
86    78
114    332
249    287
238    179
129    9
319    253
372    372
175    324
82    317
23    17
175    282
144    145
10    161
23    250
178    20
231    333
303    134
129    26
109    330
58    136
233    9
30    361
304    152
329    359
207    263
288    272
270    258
270    137
212    304
23    331
38    164
362    283
10    9
189    359
58    64
362    145
106    332
318    324
275    273
40    74
156    253
264    8
90    206
154    248
339    152
110    360
270    365
90    297
13    78
371    364
373    135
369    213
108    145
154    314
373    332
183    108
154    260
369    89
322    361
378    129
90    155
110    271
363    78
129    129
163    67
144    135
145    9
358    186
23    78
118    290
217    49
4    27
46    338
154    112
60    290
220    29
257    167
78    302
264    10
15    187
307    131
244    347
118    347
210    160
254    99
236    265
60    347
235    52
270    21
233    129
303    108
369    332
46    96
362    25
192    241
155    305
154    79
71    78
116    53
263    28
100    271
224    300
260    74
288    2
173    145
86    54
25    253
144    319
108    135
25    195
30    327
108    25
307    5
168    126
58    229
25    5
319    319
30    319
77    163
25    145
358    123
303    144
47    197
369    369
90    142
145    129
135    163
90    370
163    124
59    191
233    216
23    307
113    113
220    145
327    228
109    364
118    67
30    340
179    9
288    136
270    76
32    330
328    101
60    67
162    187
86    190
173    25
233    330
116    78
371    40
307    247
9    9
38    10
110    36
47    237
294    160
264    55
307    130
254    363
73    169
288    251
