2240
1475    1267
2143    1339
1270    1252
402    54
402    1428
942    1821
582    2075
1957    805
1957    2006
440    1744
1610    1540
1133    281
1957    2102
1322    728
132    1492
384    602
1971    630
544    2056
1301    510
418    1848
1289    879
1301    594
934    2002
1957    1811
606    602
1037    1687
2030    79
544    1385
1957    484
177    179
1301    2048
226    739
900    1103
1879    1666
1270    2072
1027    300
1301    117
1957    764
930    864
2193    1385
1301    1542
2193    1436
2193    1816
544    505
1463    177
1454    152
287    839
1301    1919
930    225
2232    1264
2143    286
544    1813
1301    490
1489    41
929    1339
133    1681
1301    2065
317    217
1301    1412
102    2142
1463    1503
2232    317
1475    1089
1976    1872
2045    585
1971    822
1957    481
1301    1497
121    1986
638    1055
1435    1999
1957    43
1475    2059
1978    1640
934    95
1435    1572
2031    389
544    2007
1475    1250
1301    896
2193    483
134    2229
993    1018
1957    282
287    974
934    213
1329    326
1957    1424
1489    1385
1852    1301
879    202
1179    1270
1329    1492
2031    721
2193    443
1957    1498
177    1696
1957    520
1417    355
2193    362
591    2191
1417    1485
111    934
1756    1846
1301    1465
1957    463
402    2067
181    1373
1957    1236
1301    1026
1879    261
1463    325
2193    1048
1879    387
1027    2047
132    1938
1938    1208
1957    146
121    2228
1463    213
1301    565
1957    980
1957    740
121    326
1301    496
934    2165
1957    179
1121    1839
879    879
1093    1294
1957    1739
1957    2169
1251    2107
879    1646
121    2014
111    994
2193    952
2052    1373
1957    868
907    1562
1946    974
1263    1807
1583    1055
121    907
1768    1565
181    55
2193    1751
2193    316
907    974
544    265
121    2114
2059    789
1463    16
1957    529
583    2049
1329    196
1121    1853
1957    897
1610    1545
102    785
486    303
121    1030
583    1016
2157    377
1957    295
102    449
1329    1204
1957    2223
1957    53
1852    1451
1957    2152
226    1640
934    591
135    1467
1037    839
2193    1410
1090    1090
1957    1998
111    377
398    706
134    1882
1879    1092
756    1373
1830    809
1957    2110
402    977
1957    1754
2193    2160
335    1865
1301    1436
1976    283
900    1471
1037    1145
993    1672
745    379
1978    371
2110    2038
384    718
2193    588
1610    1694
1329    1938
544    478
1978    2160
1957    811
1301    674
1454    1694
2116    1521
402    379
934    1619
541    1868
1957    1411
1957    746
287    325
1957    809
582    401
900    1945
1179    1667
1035    1708
900    2186
2193    1526
398    1379
900    1421
1993    472
724    494
2193    220
900    1537
1852    1271
1037    987
1957    1989
2110    239
1957    525
590    1680
1121    191
1301    483
1583    2045
1270    1652
1957    1154
121    2237
96    1373
993    1419
1463    215
1179    1585
1957    646
1301    443
1957    2139
930    1436
1957    1859
1125    247
1957    2229
934    642
2030    174
934    599
1957    327
2233    1078
2052    864
1957    524
1768    233
1301    1598
1879    2061
1435    2031
1037    1551
2031    1654
1957    1903
1957    24
1301    2203
1475    1104
1023    1839
694    1978
1463    1143
1301    1048
1957    2238
1957    1712
2116    1696
756    305
1027    1869
1829    41
121    972
1957    1404
1301    964
1400    290
1672    174
1957    600
907    325
1301    252
544    1126
2070    578
1301    952
1301    1260
1170    1888
1852    820
177    1090
668    1177
1301    914
1957    1757
374    998
1027    1843
1463    700
2030    1990
900    1470
900    1406
1957    1163
1301    316
934    1711
2193    1126
2030    1545
930    1835
1301    296
2193    641
1301    1799
1583    414
590    2079
2030    1329
2193    1018
544    1648
1829    1385
1957    1255
1463    1844
934    1227
1879    1148
1957    1004
1301    2093
1957    1692
1976    824
1582    1277
1121    311
1978    1018
1957    826
1993    882
1301    1459
2193    1648
1301    1410
189    432
1957    747
1322    442
1463    1010
907    2165
1301    371
1957    1528
1301    923
111    2215
544    154
1957    145
1957    488
1971    248
2030    1694
1879    1731
1301    2105
1852    994
1301    2187
1957    771
907    1174
1957    1909
2193    1115
55    1405
1310    116
2116    238
591    591
1301    1257
1852    372
1957    163
1610    2122
111    226
2045    1324
1225    1230
544    2166
132    864
18    1870
900    518
1301    2046
1852    900
1301    1536
1957    42
1301    1588
1301    454
1957    1155
1957    140
1957    617
414    1009
1475    2084
384    11
1957    228
1957    508
102    2056
1852    157
1852    377
1301    1661
1957    264
1449    371
1957    810
2045    811
2193    1920
1301    1549
1957    1511
544    1817
398    1815
1293    551
2110    1861
1957    1272
1583    2036
2110    2072
111    1961
2188    1882
132    1764
1301    1044
1852    337
1993    1596
1938    2111
1557    335
1976    64
2232    1368
1279    409
1971    301
398    1474
102    1813
993    1654
2116    1949
1027    706
1957    2199
1957    1515
544    122
1454    355
407    1640
1301    479
1990    2084
1957    119
1022    2024
121    742
2019    1156
1957    1702
2233    166
2031    1471
1489    1592
582    1373
544    2129
1957    1062
544    1571
1772    2023
1133    994
121    753
1133    618
1976    1935
132    1497
2031    1945
1435    1065
2193    2129
2031    2186
1270    29
1852    833
1301    494
1559    1817
2193    1571
1993    1321
1957    1973
309    1736
2059    448
1301    641
1610    258
134    1999
590    606
930    416
724    1585
1957    2026
317    901
1037    1365
134    1572
934    1049
1027    1054
1976    423
177    286
957    303
1301    2108
1610    1097
2193    1413
1957    1705
930    1
1957    812
1957    1418
1852    115
934    1936
606    1415
384    1756
1957    1538
2113    1373
1329    1764
1301    1056
1957    1875
1976    307
121    864
177    80
287    198
1400    500
900    217
1301    2057
2030    1665
2193    904
934    1326
1957    120
544    2130
287    1095
1121    590
111    1170
1301    1115
541    1813
1403    551
49    1373
1957    777
929    38
177    1676
1852    1657
287    632
944    1656
930    641
1301    1819
1400    212
1957    906
1463    354
1957    1107
1301    741
1688    1152
1957    1469
1957    464
1957    1940
934    568
132    733
1957    1910
2193    1482
1957    1220
2116    1609
486    1982
2024    672
1301    1735
1957    1117
907    352
1957    106
934    1425
541    2007
1301    1523
1489    1134
1957    2063
1957    1483
1852    2215
226    999
1301    1920
2232    1765
2059    1055
1957    1334
934    1531
1610    78
1938    2007
2193    97
1957    1052
1301    1703
544    160
2232    2230
1852    825
2030    355
132    2056
2031    1055
1767    1339
18    1948
694    365
544    1698
1656    709
102    478
2193    160
1301    10
1957    2202
2193    1319
2232    1096
1879    1420
100    80
1027    249
1301    65
544    1599
1301    1788
1301    1160
1301    1580
1976    756
661    1897
1957    770
132    1813
2110    1300
2030    349
135    303
1610    2228
1463    1769
177    261
1957    1615
1957    1525
756    914
1852    37
132    1296
111    1979
1301    961
1463    2102
1329    41
1957    1131
1957    1014
2193    1327
1993    1969
934    1266
1610    2014
1957    1358
900    1352
1093    175
1301    2008
2193    209
1301    1413
132    2007
1957    1666
1463    732
1301    575
606    1105
2110    1246
1672    349
1078    2007
335    1373
2193    314
2110    404
177    1106
544    1103
1179    1055
1610    1030
1301    869
1852    1586
591    168
1262    1336
929    64
134    2031
1027    1474
1301    1247
1435    162
2193    1654
1329    1385
2070    17
1957    1983
694    1039
2143    307
934    1498
1829    1592
1852    1193
930    1571
1957    643
414    364
2030    82
1957    697
1957    2181
1301    2011
1957    875
1301    334
1938    1600
111    1040
2110    1670
2116    80
1957    230
269    2130
1027    1041
1475    937
2188    1999
1301    625
900    1166
907    1049
2233    1504
1419    109
181    1823
418    101
1957    1733
1957    206
1879    566
756    482
1486    1696
900    1783
111    1204
384    303
1957    2193
1037    578
2030    1986
944    1121
1301    351
1879    994
2193    110
1957    229
1957    1003
1957    2039
1093    1415
1121    833
590    322
1301    1499
879    1307
1133    1865
317    36
2030    949
1301    1120
1486    1989
189    123
183    921
802    258
847    303
111    1724
2024    1099
1557    552
1301    160
1301    844
1301    1852
1957    39
1879    2034
1879    528
345    1883
1852    102
2110    630
1475    1446
102    1735
1879    377
1957    996
398    718
900    1147
1957    22
1957    7
1263    551
1957    2131
1957    91
934    1324
2116    635
1037    2097
2030    326
1957    1568
1301    801
1301    1599
591    1950
1938    767
645    1883
1463    863
1301    90
132    1588
1957    1225
2031    1445
1610    972
226    202
668    668
1479    589
1829    1134
1463    1206
1957    534
936    1413
2110    1118
756    1838
1957    112
1301    272
1957    1215
645    1406
1557    990
590    752
930    1852
1672    326
1957    713
2110    1681
1957    1660
1672    1492
900    54
2193    1507
1957    31
1957    1886
934    1989
2024    1025
2059    1493
1957    893
132    978
1301    2170
398    822
1301    1399
226    879
1463    1854
1301    1337
1301    1654
287    1152
936    2130
2143    377
544    1471
111    1060
1957    1172
1852    1979
2110    338
1475    1411
1768    2107
2233    1336
2232    1628
2116    1106
2045    1572
2193    603
544    1945
544    2186
606    804
1883    1387
1419    1572
544    1537
590    2072
2232    650
374    2129
1463    2213
2059    149
2074    1530
2024    1662
134    1065
2045    1983
1479    1134
2193    2186
1852    1030
1611    1883
2193    1421
2045    1475
2031    211
1093    1105
440    849
1957    243
900    186
1957    324
111    1373
1419    1475
1957    2061
1852    817
1672    196
2059    1307
930    1654
934    1825
900    561
900    332
541    921
1475    886
929    552
2193    798
1035    1099
2031    365
121    1600
900    855
591    1002
1957    1606
1301    1795
1301    1128
1672    1204
1879    841
2193    76
121    220
1037    1856
1957    1710
2233    2107
1957    1430
1957    685
2024    1505
183    1698
374    904
934    1902
756    921
1957    1964
541    2041
1743    1402
993    1429
1688    757
189    937
934    2190
1125    1027
1879    2215
1301    253
1400    1400
2232    441
1672    1938
1957    98
1978    1513
1957    30
1957    1611
934    1623
1093    1589
1990    886
900    1273
1301    1177
934    1949
1583    20
934    1188
1400    1495
132    1735
486    180
544    1470
544    1406
1301    1047
1027    1897
1957    88
1125    1433
756    1957
398    11
591    775
1852    1724
1610    753
934    1826
293    1373
1688    1339
1035    1025
2193    1406
907    529
1768    1991
2024    1413
2113    135
1027    1130
317    291
1957    2051
132    1817
1957    1731
2030    1491
1301    158
1301    1699
1957    720
132    589
1301    200
1957    652
1957    1709
934    1254
1852    1708
1454    1182
132    1333
1121    1656
102    801
606    315
2070    1940
1957    1953
1957    709
2141    1152
1879    1865
1489    1704
1957    1165
957    809
1957    1915
1270    1380
1978    1978
1610    864
1957    320
1957    38
132    122
2024    2130
1301    1880
2031    2138
1611    2163
900    247
1957    1832
111    1405
2031    1147
1310    1869
1957    1678
1559    1406
2024    129
934    2040
1475    1912
900    1390
177    1488
544    518
111    1061
2030    1072
1957    373
183    1646
414    1983
1037    529
1301    1945
132    1242
1301    504
121    2057
1656    1781
1329    1592
1879    1586
1301    1005
1852    1992
181    679
132    132
1756    1208
402    1897
900    2079
900    1440
1957    574
1463    1484
934    2032
1957    44
2110    325
2074    1676
1463    1455
2045    357
1957    1065
102    1103
1938    956
1957    2195
659    804
1957    1776
2031    130
1852    360
1170    866
993    365
1301    76
1957    1722
181    1045
993    1971
930    1471
1957    1780
374    202
1812    1989
1027    822
694    702
900    245
1301    1513
1435    240
1957    874
2018    337
2193    1617
1125    704
111    739
134    162
1419    243
2116    709
1852    1141
930    1945
1400    450
2193    244
930    2186
2193    1146
1957    1738
486    32
1301    1685
2193    2127
384    1982
1957    658
1852    1373
1852    1098
55    1585
1879    1760
934    120
1301    348
1027    338
1270    2044
879    1366
1125    1897
2030    1860
1475    1080
1027    729
2024    1720
1301    1533
1090    994
1121    553
374    1646
724    116
1486    80
1435    1855
1879    1884
2233    752
181    1210
2031    186
1957    1488
1121    401
583    1339
1489    1621
96    1319
1023    1656
2031    561
541    1654
2116    1065
287    1157
1301    530
907    1692
1037    1903
2193    577
929    866
900    1987
1225    1010
900    1516
1301    1517
486    1983
900    548
374    1795
900    2234
1957    1077
72    1415
1957    412
1301    1978
760    994
995    2016
544    217
1879    1879
1301    1055
1035    2130
1957    237
1852    1066
993    1039
1957    436
756    1654
1463    662
1301    1407
1957    408
2193    1429
407    1068
2116    1331
1957    834
1289    1869
317    1294
1583    706
1957    419
1400    1734
1656    939
1279    212
1852    731
1978    1431
398    83
1279    1348
2193    356
2116    1846
936    2024
183    545
1794    1986
1133    2142
1957    1074
1090    2224
1121    1121
1133    1766
2193    390
1957    1305
2193    2087
1301    2205
1463    1631
583    286
1957    754
760    377
668    247
900    36
1310    1379
1957    148
1301    518
1583    1379
1978    328
1027    11
1027    633
2031    1524
1133    1373
1957    1444
2024    139
1301    299
930    1055
1301    791
2193    836
907    264
1400    1765
582    472
907    1511
2045    1302
1270    1856
1557    783
1852    225
1121    2204
2024    1795
102    1471
1957    832
1301    1132
1672    1764
900    1867
1957    307
1957    1388
2193    1183
907    2040
1829    1704
111    1640
132    1103
2193    1988
177    994
1852    1625
1957    475
1301    298
1479    1945
2045    335
2193    1810
1121    1708
1301    848
102    1945
1293    1177
1301    1146
1289    1289
1279    306
934    1437
102    1421
1957    172
756    691
934    1572
102    1537
1656    1315
189    1254
1463    2001
590    1466
181    517
847    809
1879    150
1957    162
440    46
2031    435
936    661
2116    1885
1301    501
1879    1356
2116    1923
1957    1282
102    76
2233    1768
486    917
606    2229
1301    1450
2031    2124
1129    405
1486    1106
177    377
1475    1358
544    1352
582    1037
1957    2020
1957    922
440    1104
1957    1033
1037    680
1301    596
309    2002
1957    1159
1475    1572
854    1053
1475    1966
993    332
1301    1137
1957    2161
1957    934
2193    365
1301    1397
1957    178
1301    331
1971    109
1656    1656
1400    400
2193    500
1293    1880
1978    365
1879    1338
1772    994
1400    1447
1957    40
1454    976
1310    546
1301    1429
1475    1475
1037    1996
934    2158
1293    49
1688    1853
1978    500
934    730
102    661
1852    551
2030    41
2031    1069
1938    1471
133    906
1463    1733
2146    1055
1463    206
1957    1297
2193    212
907    1339
1479    558
544    1166
132    1068
1990    1572
1301    328
2018    1193
934    39
1794    2237
2024    2024
189    2023
1957    1140
1957    722
907    1671
544    1783
2233    1372
1037    255
1121    1373
2045    834
2059    189
1976    1373
1957    1545
934    85
2193    557
1672    41
2193    1650
879    1289
1829    1621
1301    836
1489    425
1957    2090
1322    1565
1610    371
1957    182
1957    1777
1957    552
929    2114
1322    470
929    401
1852    733
1957    528
1270    962
1121    251
934    2196
1301    257
1957    157
802    551
2104    2131
606    1882
1879    1818
934    112
934    1215
1301    865
2052    661
907    1715
1610    1600
1938    1513
2193    2042
1957    1694
1672    1385
1301    1810
1610    220
544    1147
1879    560
2052    558
1301    1761
1301    413
132    1471
1978    1039
2059    983
1978    1341
1475    1070
1027    83
2193    306
287    635
2232    161
1463    1872
1957    1375
2024    260
1852    1385
900    1716
1957    107
1301    532
2193    1752
1938    1704
121    1758
1403    1880
1475    2196
486    1595
1463    2016
2059    1869
1957    1927
1301    2062
1957    763
606    1200
1767    377
1957    779
847    664
1852    505
398    585
140    1657
1852    1813
900    322
1301    1773
907    1358
1463    2128
934    2003
398    621
1957    1320
2059    1843
133    1999
1957    1359
1400    2123
544    54
1990    1070
1301    1352
1463    576
1957    1552
934    23
1957    1624
1879    1373
1957    347
907    1572
1270    600
2031    81
2191    1989
2193    54
1971    1572
177    226
1301    1307
1475    1458
1957    216
1957    1314
2031    1867
1957    2240
96    1883
934    1853
1078    1513
1852    362
1957    1944
134    240
1301    550
1688    1371
2045    319
590    1415
1971    1475
1301    212
384    180
1023    1373
2045    174
1035    2186
1289    2083
384    757
1301    1943
1322    1341
132    1883
1093    2229
900    1239
1419    174
177    1961
2070    1371
1957    118
2193    943
1479    1862
102    577
1993    1504
2113    1210
879    1890
1489    787
900    2112
1957    1894
2193    1298
1978    166
1475    243
1301    557
1957    1677
544    186
189    1572
1301    1391
1957    841
132    558
847    180
1449    1307
544    561
544    332
1957    1176
2193    880
134    1855
1610    2057
544    855
1957    2126
1852    914
934    1148
1794    1868
1879    797
802    1323
1957    725
1957    2215
2024    705
1121    728
1133    1813
591    7
121    121
1463    283
1957    446
1978    332
1301    2042
2232    1994
102    2087
1322    688
1301    1827
1990    243
606    1671
1957    1101
1475    35
1957    825
1957    2022
1957    795
1035    260
1293    1342
1322    1428
993    2030
2110    732
1301    1147
1957    939
907    1070
2116    1509
1879    193
1957    1874
1957    411
900    2072
1768    839
1329    1704
1475    1148
1957    793
1852    588
1957    1748
582    603
1435    1182
1829    425
2232    1082
1879    1770
2193    1717
2120    873
1957    687
1263    1177
1756    1600
1301    1203
957    1013
1957    2005
1957    1834
1957    1961
2232    700
694    458
1957    2176
879    2083
1093    1882
111    999
694    1768
1301    466
2110    639
183    427
1957    1865
2193    1280
1301    130
930    2138
181    2104
934    574
930    1147
2197    2053
1957    751
1310    544
384    32
1957    1012
1938    217
934    1371
2031    476
2031    1054
544    247
879    1136
1270    1973
2045    833
2030    1018
102    330
1957    799
287    92
544    1390
1957    1315
1957    714
1251    1152
102    103
2116    939
1301    173
2193    5
1301    437
1310    89
1518    1124
1301    317
934    1808
606    280
2193    547
1957    1024
627    1341
606    1999
317    175
1263    1880
1301    1398
1978    673
930    130
544    2079
544    1440
900    1230
1957    195
1475    439
1301    880
1463    824
1270    120
1971    243
384    1983
133    1853
1957    2216
1830    1170
2031    322
2193    2079
2193    1440
1957    1613
2193    429
132    1862
2018    1992
1400    1019
1301    332
1957    1892
1852    1126
1957    1295
1957    927
1957    1574
183    1341
1957    2132
1978    429
1301    960
1301    855
133    1430
189    357
544    245
1329    1621
668    1718
1489    222
1463    1382
1454    190
287    1953
1301    894
1852    1648
1133    1303
1293    668
1125    815
2193    1744
1957    267
2113    1883
934    412
2232    735
1852    2057
1957    285
1322    1755
1301    1616
1879    733
1957    955
1489    2079
2116    1315
2059    249
1829    787
1301    1283
1957    1544
645    1336
1301    1144
1957    821
957    1595
2141    1839
2110    2110
930    561
317    1415
907    1148
2031    1567
2110    1696
2031    649
1672    1592
1301    1460
1768    325
1037    1853
1957    549
2045    825
606    1347
1957    1986
1957    78
2031    1354
1301    1524
724    1869
1121    944
993    1847
263    181
2030    1672
900    1620
1957    514
2232    1228
1293    1307
544    1987
1463    64
183    1428
544    1516
544    548
1946    1076
934    1591
102    712
1957    1809
544    2234
934    1540
2193    58
1957    455
177    1040
1121    1494
1938    1307
1957    2155
1489    1740
2193    548
1957    861
1463    1451
102    1752
1957    289
1978    58
1976    914
2193    2234
1852    1270
1037    1611
2045    1878
1583    822
900    231
2116    1656
414    833
1301    1187
177    1204
226    1366
1225    1912
1419    1878
1974    1550
907    38
486    830
2018    1066
1957    933
934    1804
1301    2209
2030    1419
930    1524
1688    377
1463    1935
1121    1527
18    39
1957    827
2193    1108
1957    829
384    917
2193    93
486    979
189    1595
1957    1501
900    544
1518    1852
2031    2072
1301    547
544    36
1417    744
1301    1390
1957    2021
879    340
1301    2092
1957    1441
1557    837
1179    546
177    1724
1688    1207
102    54
1403    668
1179    649
1559    702
1957    391
1463    423
111    202
1957    204
2116    1212
1279    1765
907    574
1957    277
2193    1837
1121    588
1957    2114
1301    613
1957    1079
1301    429
930    644
2045    1790
1301    678
1852    1571
1463    307
993    322
2045    349
1879    1213
1957    1360
269    678
544    1867
1454    1629
900    1897
1419    349
1957    1480
1957    1426
1976    482
2193    81
1852    1413
1957    150
1957    256
1301    1632
1993    1383
2193    1867
1133    814
287    436
111    879
1768    1365
760    1373
1301    50
1121    442
694    723
1957    1040
934    174
2193    1248
1611    2107
930    2124
2193    495
1301    108
606    243
1093    1999
1957    383
1978    450
1093    1572
1993    1779
1957    47
317    1105
1957    1204
1435    1351
1957    1593
414    825
2193    1965
2116    513
1435    1750
993    655
111    1758
1435    976
2193    434
1610    1758
1583    11
541    1428
1852    1667
374    880
993    249
1454    1984
1957    2237
900    630
1957    1286
1957    1338
1957    569
988    1989
1475    174
1435    914
2193    502
1957    1724
1301    58
879    1897
724    1379
1261    1066
900    1658
934    1545
1957    522
1489    915
930    1069
1957    1831
638    1756
1993    104
1329    425
2116    873
1301    1516
907    64
1879    588
1829    222
1301    2234
590    708
309    1498
1301    234
1976    1838
1957    308
317    1589
2193    2107
1301    1602
1957    1274
1293    166
1756    956
1463    756
1301    214
2193    1461
591    1597
1301    15
2110    774
1179    485
2193    126
1301    2173
1957    1668
1957    1345
1301    2096
934    1877
2031    1325
384    1595
1829    2079
1852    160
1688    2215
583    377
1852    1852
121    365
900    1681
1435    1587
934    1694
2018    551
2074    226
1957    1627
102    1280
1957    1015
1301    1414
2193    380
1957    388
1301    2033
907    1540
134    1182
783    994
756    1398
183    379
934    1502
2030    1654
181    346
1852    1599
1301    1171
995    240
1301    2221
934    1375
1121    1797
2193    1765
1322    1336
2193    452
2120    739
1957    1208
1035    1341
900    338
2031    1620
934    1087
1419    326
1957    1031
1419    1492
1829    1740
2045    1895
1301    1534
1957    57
1301    905
1301    701
72    1882
2193    888
1301    1581
1301    1867
121    1650
1125    898
1301    1933
929    914
1852    314
1463    2194
1957    360
1301    1248
582    1078
1772    1373
1463    1343
132    2004
1270    324
1879    420
900    165
226    1289
1957    828
544    1716
102    1440
606    1065
724    546
1957    273
900    246
1263    695
287    994
934    115
1475    763
1419    817
900    1562
287    618
645    2072
1301    1881
181    977
1976    921
2193    370
1957    1373
132    1651
1957    707
544    1392
544    322
930    81
1400    665
2193    1150
1263    668
745    1696
944    101
1093    2031
930    1867
181    2047
2110    1940
1329    787
1419    196
1301    502
402    1696
2193    322
1289    177
1957    1201
1329    1011
440    440
1971    174
226    1736
1957    1438
900    633
133    40
177    1061
2193    400
111    1883
2193    1447
1301    967
1957    67
1957    55
486    1790
934    2126
1301    911
1957    1868
486    1911
2193    1519
590    52
1852    1795
1301    554
1957    950
1957    221
936    936
957    830
486    258
1688    1190
1767    1373
1301    445
1279    1628
544    1239
287    622
1957    840
957    979
1957    794
1301    1736
2157    1055
1688    1656
544    2112
541    379
1957    753
1301    447
1957    1042
1027    1402
591    151
1179    544
590    582
1479    702
900    1089
934    2122
1957    1292
2052    1034
1957    1036
659    1148
1027    1158
2045    1708
2110    80
1957    381
1301    1765
102    2234
591    1917
2116    703
121    1759
1957    305
907    552
1957    449
1957    1182
1768    2097
1037    885
121    166
1179    89
1829    915
1957    539
1293    1785
1957    634
2110    963
1879    1333
121    943
1301    461
1322    259
1301    888
1830    1061
1400    1994
398    32
189    994
1957    2068
1301    1096
934    866
2193    1051
2024    382
2233    1156
2193    766
1301    640
102    284
96    977
1957    1340
1957    2101
2110    1999
934    355
111    323
1957    2211
1957    562
2193    2154
1463    1083
2045    1992
1610    2185
879    177
121    332
1938    1740
544    2072
1978    197
1879    1957
934    1194
2193    856
1879    2222
1957    1594
398    398
189    552
1027    1455
1852    1880
694    2049
1301    1716
1957    1268
1557    1419
2193    2072
582    166
1957    2048
929    2057
1301    1714
1301    259
606    1804
590    1555
606    307
1225    1153
1879    133
402    1949
398    1983
1454    889
934    349
132    1479
1957    1963
1830    739
1301    985
1301    1186
132    1293
181    1869
1301    322
2116    305
1852    1945
1852    2186
1957    169
1852    1421
930    476
189    337
930    1054
756    58
1879    608
1957    1529
2024    548
1957    806
1582    770
900    248
1976    90
1957    2178
1691    1057
1957    998
183    183
2232    469
132    245
1688    2114
1688    401
934    1190
1957    1822
1125    1638
802    1880
1938    2096
132    142
1093    1065
1301    1235
2030    558
318    589
2110    1584
132    1740
1957    1335
2045    25
1419    671
1475    349
1400    1711
2074    1040
934    1170
2232    1826
1262    529
2143    132
1329    222
1037    2236
1768    1856
1672    1704
2024    167
1938    983
226    2083
181    1336
930    322
2024    1921
1301    451
1400    1227
1957    2111
414    1708
2031    1267
134    1351
544    1230
72    1999
1301    649
1852    1685
1976    1654
309    1530
134    1750
177    1640
134    976
1301    1354
1489    515
1329    2079
1957    1265
1279    1019
398    1583
847    934
1957    2174
134    914
694    700
2116    169
1957    1374
132    1516
1957    968
1938    1843
1301    1408
1301    224
1301    959
384    830
1479    1736
1301    1378
1957    26
591    1874
2059    1679
1301    766
1270    148
1463    369
1957    497
384    979
1957    41
1957    1683
900    1143
907    2122
1435    789
930    1567
930    649
2193    441
2024    361
1957    807
934    1532
900    698
1301    761
1329    1740
930    1354
1957    1741
398    917
1454    1993
55    1869
1489    1230
847    830
113    228
724    544
1957    385
756    1336
132    284
134    1587
2059    2059
1957    862
1957    2212
183    1890
1957    2056
2059    1250
847    979
2031    1833
1957    890
1957    1364
2110    2164
934    2228
132    1869
1957    1385
2193    340
544    1620
1971    1878
2019    401
724    89
934    1279
1583    585
1583    621
934    1979
907    866
934    2014
1957    883
1957    505
1957    1684
1957    1641
1768    529
189    226
407    1277
1672    1621
113    1057
544    231
900    1559
900    1191
1037    226
1301    2064
2232    120
1957    657
2110    1956
930    2072
1463    584
993    1608
1301    587
606    1087
957    258
1957    1232
1978    778
1475    326
1463    147
2193    1899
1957    837
1879    711
1475    1492
1852    2045
2113    977
1957    1626
1957    1323
900    1227
1301    726
2116    2027
694    735
1957    1674
934    1043
2031    213
1957    1309
2233    582
1971    349
907    258
1879    2198
879    599
2193    1508
1957    1219
1170    202
1957    1954
993    1562
111    1307
879    935
2030    1431
1957    1048
1263    247
1027    1983
1301    1904
1489    1689
2031    1948
1293    2230
1957    1893
582    1504
2193    1970
1263    547
934    1204
2193    1019
1990    326
1957    1750
1093    162
181    105
745    80
1301    2037
544    1897
1978    1922
1957    14
1990    1492
1023    1210
900    198
1957    738
756    2038
402    80
1688    1373
900    1095
2116    1640
1957    914
847    115
1463    982
1957    138
1957    506
2110    1316
317    2229
1170    1646
398    2058
1329    915
2018    1413
102    2112
854    833
1475    383
934    1831
1610    1650
102    1354
1475    954
1957    2093
1179    432
1852    1431
1957    265
1852    414
102    1749
183    2072
541    1890
1475    1204
1656    882
1322    1652
1957    1459
1957    1410
934    1274
384    2215
2031    636
756    1553
2110    1924
1957    2149
55    1379
1829    515
907    1986
1852    390
2045    41
900    804
1688    2220
544    630
1957    1951
2031    83
1419    41
1957    588
318    1937
287    401
934    1015
1990    993
1027    2131
1957    1490
1957    1636
1957    2082
1301    1520
1990    1204
1957    478
2045    2056
132    2109
1978    1778
2110    574
1301    1473
309    261
2045    1385
1879    1471
2110    439
132    474
1957    675
2116    914
1301    271
102    2072
2052    249
1830    567
1957    1303
1957    1142
1419    1385
269    1300
1301    231
2110    824
1301    1899
1768    1949
1301    1122
1829    1230
1293    1239
907    2228
2045    1684
544    1681
907    326
1957    1747
1957    676
1971    326
993    1756
2030    365
1419    1684
1957    1135
2030    1971
934    360
1971    1492
1301    2115
287    1121
1489    630
2116    1630
1957    2148
1957    1655
907    2014
930    1620
227    355
2030    500
317    1882
111    1428
1301    404
582    1336
1957    1317
907    907
1957    393
1301    1612
1301    1409
1957    378
2031    1518
1225    307
132    322
907    2114
1293    1718
541    104
1301    1276
1301    1019
544    338
1084    1055
745    1106
2030    212
907    1030
2193    1801
132    1349
384    1790
934    1373
1610    1759
402    1106
1957    1244
1957    27
384    1911
1672    425
583    1373
1301    1897
1957    564
606    240
384    258
1883    1373
1971    817
1957    60
1852    1352
1957    494
1610    943
55    546
2193    928
1301    1687
1852    427
1768    680
1518    130
544    165
2113    1336
1279    161
582    2107
2232    85
1301    2095
1301    1913
879    684
1971    196
802    668
1301    748
177    999
544    246
1879    859
847    258
2193    884
1957    275
1037    553
544    1562
2193    165
181    931
627    778
132    2112
1957    686
1301    1050
934    742
1768    1996
1957    2057
591    1284
2030    1039
132    249
879    1745
1829    1689
1957    2168
1463    671
132    1749
1957    891
1610    51
1023    1883
907    2237
1957    154
1993    878
1475    579
1957    444
783    1373
934    1967
1301    471
2141    401
1301    2085
590    261
1852    1650
1301    1563
1794    1406
1957    1618
936    1300
1400    612
544    633
2031    198
1852    1006
1957    1000
1957    1792
1957    1662
1957    942
1403    1718
1301    433
879    903
1957    1570
111    1460
1489    459
414    1684
1957    199
1489    1267
1435    1093
2193    1192
879    2144
134    789
757    1652
900    1266
907    972
934    864
1301    207
2018    1795
1830    999
900    639
756    555
1301    1434
1957    1817
1957    48
1938    650
1656    1253
544    1089
2232    958
1957    1842
1301    822
783    1066
900    898
1322    839
1463    305
1852    1147
1957    2055
2193    1833
1479    1689
287    1373
1879    1369
1301    236
1957    339
1301    1975
934    1625
1879    321
590    1510
102    1652
591    1931
102    271
1672    787
934    1764
1463    864
1557    2045
1301    2214
1957    2041
1672    1011
1037    969
1301    1900
668    1326
1301    29
2193    737
2059    123
1957    2156
1957    1957
2074    1640
1852    787
1957    2222
2059    930
1957    1590
1978    737
1656    1969
1852    130
1329    2154
1179    187
1852    54
287    1868
1037    1180
2031    123
111    1366
1027    335
1938    602
1037    1995
2193    2088
2232    30
900    1739
2193    432
111    379
2031    930
1301    884
694    808
1957    2098
694    694
2193    1942
1829    630
1957    1063
1767    122
1301    278
1301    1932
1027    79
1957    1134
133    1373
2045    1838
606    1030
2045    494
606    1360
2141    171
1301    1267
1279    1082
1133    125
2024    1726
1419    494
1301    2076
1301    610
1270    1656
1301    951
2233    1952
2031    1326
2031    1226
2193    1948
1270    2182
1957    1278
1093    240
638    1057
1289    809
1971    671
1957    1357
1301    1363
1121    1565
1957    129
398    994
1688    1213
1121    470
1957    1667
226    177
1957    1482
1957    605
1329    515
582    752
1121    2053
757    630
1957    205
2024    1300
1957    2013
2193    2165
1957    620
1852    561
2232    1953
317    1999
1090    1068
929    2185
1463    938
177    202
1852    855
317    1572
1270    1986
879    179
132    602
2031    1425
907    742
993    1637
189    1373
1301    1974
1938    1394
181    1130
900    809
1301    693
1093    1855
384    1938
993    823
1435    217
1957    1120
1767    2130
2110    1694
1279    1227
2024    1246
1310    498
1957    882
2052    1897
1957    1395
907    753
2193    1181
111    58
1976    1307
934    41
2031    1649
1957    160
1957    2025
1301    84
2193    235
1329    1230
1322    1575
1957    1698
177    879
2232    439
132    1620
177    1646
1475    1675
900    2229
1322    1472
1301    45
1583    1057
181    471
1957    1554
2030    673
1957    2071
1957    1064
934    1436
1957    1423
907    864
1463    1683
879    1696
1957    679
1957    857
55    544
102    1681
1475    41
1829    459
1957    2175
1957    1327
544    1143
1957    593
1829    1267
1957    272
694    469
1830    202
544    698
1263    1718
1301    1639
1270    553
2059    937
934    1640
930    1833
1301    2088
1301    559
132    800
1957    715
1301    1942
1852    644
1301    325
1957    314
847    171
1672    222
1957    1045
995    1838
55    89
606    1208
1301    213
1957    202
1879    422
1879    103
1656    2163
1957    1596
1301    1472
1957    1514
181    822
2193    946
1301    312
1957    1654
1475    1385
900    1638
1957    1634
2193    1082
854    1708
1301    992
1957    1103
1557    1971
1672    2079
1610    81
1957    749
934    1323
1852    547
590    439
1957    2029
1957    1209
2193    700
1419    1419
544    1844
900    1218
1830    1646
582    1768
1957    1287
1957    719
1978    700
132    1897
1957    1566
1479    884
900    1528
1957    1028
398    118
1852    2079
1301    392
544    1191
133    1497
1301    2218
1957    711
1957    879
1957    516
1475    288
1957    1393
1990    1385
1301    537
121    340
1301    758
930    213
2193    219
121    535
384    1373
1957    1210
1957    1321
189    1764
900    1882
541    1681
1463    362
1301    846
1121    688
2193    1841
1463    487
1301    6
1957    872
2110    2215
1672    1740
942    2154
934    952
1270    2237
802    247
1301    185
900    153
1976    787
1301    842
2232    2066
1957    1787
1957    1795
111    1289
1301    1181
1957    786
1125    412
1688    394
1957    1205
2193    1227
1656    1431
317    2031
1301    636
900    912
1768    124
1301    1914
2232    1540
132    1746
934    294
934    2093
594    1989
1301    2219
398    825
1957    615
2070    394
1957    253
1301    1234
934    1410
1301    127
2030    2030
582    1372
544    198
694    845
1883    135
102    1192
2193    333
1463    914
121    1934
544    1095
1027    994
934    2160
1957    2162
900    1512
1688    2057
1957    1068
1852    363
287    1640
1768    1853
2193    198
1656    1993
2197    563
1957    1908
1270    1059
1879    940
1976    1398
1957    1775
2193    1095
1301    1686
1301    1457
2024    1608
1301    56
1957    1762
226    599
1957    1828
1301    975
934    2082
1852    1987
930    636
102    1089
1971    41
181    1551
2193    1637
1852    2234
1301    1143
134    1093
934    376
1322    654
1133    678
934    2046
1489    2084
440    2126
2030    929
756    884
2193    823
929    365
606    1182
1656    1401
1310    398
1957    683
1583    398
398    989
1768    1611
1301    750
993    1304
993    937
1957    1439
544    804
1301    1082
2193    916
694    1671
1475    1951
374    2002
2193    1017
879    1090
2110    240
1301    1518
1971    1385
2059    1387
1957    1880
2070    1662
1301    1845
2193    2225
1583    1983
1301    1578
1329    630
1310    1475
1957    1471
1463    482
541    633
2045    1045
1301    201
102    1086
398    1790
398    1911
1971    1684
1301    1844
1957    1240
1957    1706
1957    2125
102    1756
900    120
1279    1377
1957    1945
1301    1269
900    2206
1301    2207
1301    1416
756    1976
2233    92
2193    585
1957    543
1672    915
1957    1969
1301    1962
694    286
1993    1184
1852    81
1957    782
111    1890
133    2007
1301    2099
1454    291
1852    1867
1027    833
1225    907
1957    1453
930    1518
181    325
1957    141
900    1456
183    636
1301    1227
1121    1755
1957    1925
2232    830
934    1018
1852    361
2116    1253
1310    1782
2030    2107
132    2137
2059    1402
1435    317
1270    1868
1957    302
942    535
1879    1891
2193    1326
1035    456
398    1241
1463    1838
1957    1883
1479    2049
1301    198
1957    1704
2193    28
900    1386
1852    759
900    286
1289    1676
317    1065
1957    489
1301    1095
1957    66
1852    502
1301    556
1301    1119
1270    1967
1993    1928
1329    1608
2232    1694
1475    1018
1688    2130
111    546
1957    1470
374    758
2193    568
287    675
1957    1406
1938    1415
1301    1637
1957    558
2052    604
287    1661
1125    900
1957    3
2116    1969
1957    2080
2030    966
1688    1667
1938    1756
2059    1254
2143    1651
1583    917
645    1739
1125    377
134    217
1400    924
1329    459
756    213
1957    336
1329    1267
132    1089
111    2083
934    199
591    1490
1976    1785
1957    1727
900    1358
1957    194
930    198
1435    901
189    914
900    1999
1957    1164
2024    1443
907    1600
993    1939
2110    769
1852    1847
929    166
756    16
1518    649
879    286
111    1136
907    220
226    684
1475    1592
1310    1310
1957    2179
121    1562
1957    465
1957    2185
1301    585
111    386
121    974
879    80
1251    1030
1957    87
583    122
1034    1897
2031    1702
544    1266
1957    660
2031    1057
1957    1361
189    371
930    916
1093    1182
1993    1404
1400    1719
1829    2084
1957    1742
934    2129
544    639
1957    1836
1743    132
2113    822
1957    876
1976    189
1301    930
1475    589
1463    921
934    1957
583    760
2110    256
2193    1266
544    898
694    85
879    1676
1957    2117
384    1684
1978    1009
1133    2017
132    312
2059    2023
1400    958
1557    429
1957    705
1957    218
1957    867
1794    247
183    1968
2030    1447
1990    1592
1957    2163
1957    597
374    599
1301    511
934    721
132    604
1023    977
1852    1716
1957    2127
1301    1226
1301    430
1879    128
942    631
1475    1851
226    903
1475    2231
1301    2044
934    904
1957    651
1027    1790
1957    1774
1179    498
993    1468
1957    765
1027    1911
1957    1342
226    2144
440    1501
1435    613
1301    2134
1301    368
402    1874
694    2128
930    930
1688    1629
1938    2136
760    1307
1301    1370
1035    432
2031    120
1400    136
1301    568
1301    421
2232    1700
1971    494
583    2130
756    1463
900    1786
1993    1151
2030    249
544    1739
132    2049
1583    2058
2110    1831
1322    1377
132    1016
606    1351
930    1326
1419    1704
1957    580
1301    1918
1582    873
2030    959
1225    579
907    2057
1957    1431
544    1206
317    162
1133    2235
1301    1452
993    1254
936    578
1301    1950
1301    1769
1301    270
879    261
900    1092
1957    2103
2193    159
2031    1052
121    325
135    567
1957    390
1121    1336
1957    328
1990    1134
1301    732
1957    1067
2193    2152
1957    1445
1957    1730
1957    396
1463    12
1993    119
879    1106
1301    764
1672    2154
1852    1718
1301    486
177    1307
900    1071
1463    1290
1957    1355
2188    217
1957    116
756    1010
1768    885
1756    2083
287    1573
111    340
544    809
606    1587
1301    1432
335    822
1610    340
1610    535
111    1980
440    569
1301    1189
541    114
1301    1266
1301    909
934    1720
2031    2143
102    578
1301    937
1978    811
1957    1556
121    2165
1974    1239
1957    1988
318    1905
1301    491
1121    2107
1957    611
1957    695
1121    418
2059    1572
1957    1493
121    1174
2024    1713
1688    583
2193    2213
1463    801
1301    1195
1852    2072
544    2229
1957    1603
1582    1274
181    1023
1301    1916
189    1592
1463    90
2233    776
590    2060
1938    1256
1957    668
1301    1498
1027    326
1435    36
802    1718
1251    1373
1463    1199
2059    1475
590    2075
1957    1496
1672    515
1270    1626
1957    1972
2045    2045
1957    2053
486    918
2116    358
133    2222
2232    1170
287    1037
1957    2062
1610    1934
1419    2045
1270    1598
398    1373
1121    2009
1957    211
1449    937
1301    1002
1957    1100
2024    632
1301    68
1037    1288
2193    592
1957    149
1957    493
1971    1419
2052    578
398    671
1301    2078
1957    365
398    1201
929    189
1463    1654
1463    521
1976    2038
1301    131
934    2100
2155    822
1037    339
1322    1928
1322    1696
993    1671
1957    926
2193    503
1957    780
1489    886
544    1638
1270    1494
2116    1401
1883    1210
111    1897
1301    863
1023    1336
384    494
1672    1230
1270    914
1957    773
1938    804
1993    1952
934    1795
2193    1638
544    1218
1301    159
132    1256
134    317
1756    650
724    498
1957    1348
486    2186
934    1205
1768    2236
1463    879
1078    1256
1957    910
132    198
1879    2107
2193    1468
2193    2190
1263    1547
1957    70
1301    2152
854    854
2045    414
1957    1166
1179    1109
591    838
606    1693
1957    573
1463    872
1121    259
645    120
544    1882
1454    1663
1957    1783
1301    598
1179    1475
1301    962
934    1068
1093    1750
544    153
2059    2196
1093    976
2045    328
1270    588
1852    1433
2232    2228
1301    858
2030    1259
1301    1806
900    1539
2045    304
1133    1041
1270    1257
1125    2155
544    912
2232    1979
1957    1039
1093    914
1957    125
1489    2190
2031    534
1293    1326
929    1867
1756    602
1301    359
2031    1215
1329    2084
2193    1254
900    439
1301    2213
1957    2151
1938    1745
1027    1708
1957    306
134    901
1463    1007
2193    264
398    953
2193    1511
544    1512
1957    727
2232    873
993    1572
1957    1113
1301    524
2193    734
102    1266
1301    262
1993    397
121    352
2059    357
1179    1782
1301    570
1957    881
1852    1620
1957    1796
1289    1488
934    1139
1957    1291
2031    2031
957    202
993    1475
1133    920
2031    1802
1957    438
1301    1830
1301    2073
1957    1690
1852    1300
1957    787
1879    460
1322    1949
132    1381
1938    2144
1957    572
1852    231
1957    1428
1301    503
2141    1116
102    1791
111    338
2193    188
2030    1897
1957    1560
133    1629
934    798
2110    2159
694    1935
1463    1197
1756    1394
2193    1973
1403    1049
929    2107
132    1745
606    760
1037    1262
1301    1898
1957    1871
1957    62
384    132
1852    544
1852    1246
418    635
1957    2167
1435    291
1957    166
1957    2004
1957    1605
2143    474
1301    1218
2232    1284
1957    1308
374    1498
1419    1971
1301    364
414    414
544    120
1301    2172
900    436
1403    1326
1957    1569
756    732
1475    1421
1957    772
287    1068
2031    685
544    2206
796    1656
134    613
183    1696
1027    1373
1957    1977
2193    120
146    365
1301    1633
1957    1607
995    328
900    624
146    1307
1475    448
2233    411
993    85
541    898
583    1883
1691    1373
2030    1778
1610    974
993    1070
1883    1883
544    1456
1946    1758
1027    1201
1957    855
1829    886
907    1758
2059    1595
1270    344
2116    1428
2193    1456
879    1488
1957    2177
417    1373
1301    1254
317    240
1957    816
1301    1249
1978    1671
2193    1631
1957    1753
1027    1868
1957    895
1301    852
1489    120
1301    1511
1672    630
900    1420
724    398
1463    1784
177    1366
1301    1484
1976    555
1301    59
133    1068
2233    2075
2193    1052
1475    1704
121    1049
544    1386
1463    859
544    286
226    1530
2045    1341
1270    1703
227    956
1479    1411
1957    1561
1133    544
934    609
1400    1917
111    177
1957    1346
694    692
135    1629
1957    346
724    1475
2193    1386
1479    17
606    789
1400    1694
900    1221
1957    781
317    1855
2232    1223
402    1373
1301    1057
111    2002
1301    813
1449    1254
102    2213
1957    948
2143    249
2110    208
1475    1978
934    2185
1990    1704
1879    1803
582    1156
226    1538
1829    2190
2070    2086
1301    188
287    101
1957    835
287    1925
760    983
1957    2184
1957    1941
544    1358
2193    963
1957    192
1957    644
1957    736
1301    1973
2024    755
1957    788
900    820
544    1999
1794    2072
2030    1608
1957    2135
1301    1997
606    2180
2045    787
1957    696
1463    1112
1301    1705
591    1929
1957    247
1419    787
1301    1214
1957    669
1957    435
541    1696
1301    109
930    1057
1852    614
1990    1978
134    36
183    1949
1301    581
2193    1437
2024    1324
1957    1558
1772    678
724    1782
2193    1572
1957    1390
2193    1966
900    40
1852    2
934    1146
907    121
1957    887
1610    325
1938    279
2031    1301
1583    118
1301    120
1672    1608
2030    1562
1957    210
1435    1294
1301    1579
1993    92
1293    1411
1957    2047
1957    2079
1957    613
756    1854
934    1149
2193    2171
1957    1479
1957    1546
374    1830
132    1739
1978    1983
2110    1233
1489    1358
1653    1656
847    202
1270    1357
1475    1621
1672    459
1672    1267
1301    1456
1582    1640
1270    1667
900    372
993    1148
1976    1689
1957    1169
1656    1383
1957    4
1489    1572
1027    1497
1852    884
18    314
1322    80
2074    1307
1125    1868
146    166
1852    165
1957    1744
1852    2054
1938    2140
1610    2165
1957    1237
2193    229
1263    1049
1957    1905
930    120
1301    647
1957    1069
1583    825
440    1604
995    995
1957    1167
1852    1267
1852    1562
900    157
1768    553
1957    1740
1938    2229
2031    973
1957    1763
606    872
1957    2226
132    279
1957    2210
1301    1715
1957    1175
1971    1704
1263    1326
1301    286
1133    913
1078    279
606    1185
181    1158
544    1786
2193    39
2031    834
1688    1701
1301    1889
1301    184
2110    1257
226    1358
879    994
2116    379
132    1411
2193    1786
2193    85
2024    509
724    1310
1027    2174
1301    802
1957    1299
1957    681
181    163
1852    1442
1656    104
900    1087
929    1041
2052    1402
1463    86
1957    1987
1978    85
2045    300
1957    1516
930    1052
1301    963
1310    989
1978    1168
1583    989
1301    1258
96    1387
2233    401
544    1092
1829    120
1262    2145
2193    112
1270    1720
1957    19
900    833
930    1386
1301    1707
1879    1863
541    1949
879    377
1993    1776
2232    853
384    918
1879    1689
1852    1833
1037    661
2193    1660
113    225
1879    1300
2193    2147
2030    1756
1879    457
1301    1572
1957    34
1310    1790
2193    2128
1093    789
1583    1790
1301    1422
2232    2133
177    1289
1852    716
1489    1070
1301    919
1957    36
1957    1462
189    1055
847    918
1957    606
121    529
1262    1373
1957    1869
1301    403
111    599
1879    1508
1938    1882
1301    527
2045    5
2193    1719
440    1951
1768    969
1301    230
1301    1577
111    935
226    261
1310    724
1957    1771
1027    1684
374    1530
606    1471
1301    206
1656    74
1957    701
1301    341
590    616
1852    432
1322    1106
1449    1572
1475    1493
1957    1767
1301    1222
583    103
132    1898
398    494
1971    2045
1656    2118
1957    870
934    365
1756    1756
1301    229
1289    226
2031    1384
1768    1995
1419    2079
102    120
1301    663
1329    886
134    291
1957    790
1938    1200
132    1402
1957    1336
1583    1241
1301    1576
1125    551
1489    357
1957    1500
1852    1948
1957    1110
102    1216
1133    203
1301    1644
287    523
2059    994
1035    509
226    519
583    1701
1475    149
183    80
1957    1887
1610    352
1301    1786
1400    82
1301    1075
1829    1358
1301    91
1489    243
900    1874
1463    1307
1027    1750
2193    30
132    153
2193    266
2031    8
1957    241
1301    1202
1957    2017
1475    425
1301    410
132    42
384    1883
2059    552
55    498
1829    1572
1301    2196
1957    1728
2193    1148
668    1375
2031    1545
1310    2155
590    73
900    687
934    1006
1301    519
2018    485
1957    1461
1121    839
1301    342
1479    286
2143    1897
2024    892
900    1865
1301    1660
1301    2119
541    120
177    1890
2193    1376
934    1039
1035    145
1852    1914
1957    689
757    1014
1976    884
1027    265
2110    921
2031    157
2232    1640
1993    152
132    2040
1990    425
1301    1907
1301    792
879    226
590    497
2116    831
606    1093
2024    1311
1301    2031
1957    1464
1261    2154
544    1539
756    662
2059    763
132    1530
121    1692
930    1215
1852    1457
1301    2003
2116    1350
1756    2136
900    1876
1400    1501
102    1564
2031    1087
1289    1656
2233    1373
1301    23
1329    1254
1301    1725
879    1961
544    439
1852    698
1976    1976
756    1631
2045    1869
1957    784
1957    640
2193    574
1125    837
2193    439
1301    1853
591    1224
1301    1956
1957    1427
2113    1387
2232    976
659    1471
2193    1306
645    1420
930    2031
1829    1070
102    697
993    174
2045    1843
2052    2143
930    1802
1852    1518
900    1656
1322    191
694    949
132    120
1293    184
541    80
317    1182
934    1759
336    914
177    2083
111    684
1610    1049
2031    115
1557    884
1463    466
934    166
183    1106
1463    787
2141    1993
121    264
2193    366
1179    337
134    1294
121    1511
934    943
1301    98
1419    915
1301    30
1957    322
900    1884
1957    105
132    1216
900    1544
2232    2093
1475    54
1852    768
907    365
1475    1011
111    1745
1688    977
1852    1559
1957    533
2110    1864
1971    1971
934    880
1957    1548
1957    526
1957    350
900    1986
760    650
121    2040
177    1136
993    1990
1852    477
1879    1211
1957    1111
132    1483
1957    1519
1027    494
1938    1014
1957    1383
132    1353
1672    2084
440    1242
1957    1535
1957    717
993    1329
930    685
900    2208
1518    930
1938    280
1301    144
993    552
1301    428
1301    1857
1938    1999
1121    1575
1976    325
1957    276
694    401
1829    357
2110    160
1463    1398
1957    143
111    903
1976    213
1121    1472
132    286
1957    75
2059    226
590    2233
111    2144
2116    1553
1301    843
1301    1243
907    1650
993    1694
1170    1267
189    1307
1938    1475
1957    249
1957    1389
1879    1814
1974    1416
544    624
1322    311
1829    243
1852    198
1301    1832
263    1656
606    217
1852    1095
1957    666
181    2131
2031    1874
760    602
1976    16
1957    1718
1957    2083
645    994
1852    187
2110    2180
2110    857
1403    184
1301    1539
1852    1637
1957    2106
1957    2015
55    398
2193    1935
102    2128
1435    175
1486    379
2193    1591
1957    1378
1688    61
1289    1040
1957    2183
2116    1383
1957    1947
132    1666
544    1420
900    1030
1978    1540
2024    2158
121    1339
55    1475
1301    1306
1301    824
2031    355
900    817
287    166
851    1411
1301    79
121    1671
1957    2072
583    644
694    1038
541    1106
1301    1046
1322    1178
1037    233
1957    1958
544    1221
1957    1102
132    1475
929    1267
1310    1373
1610    937
1583    1373
2232    1018
1301    1382
934    547
1289    1724
1301    1330
1957    1022
1957    2094
1957    1041
1957    957
2193    1622
2024    1217
1971    787
1583    671
181    1839
1400    1072
1883    977
2024    9
181    1310
111    1498
1435    1415
1027    2129
121    1715
591    166
756    1872
934    429
2116    104
1322    2153
544    820
1688    1869
1852    930
900    2237
1976    1463
1329    1358
55    1782
1852    1049
1957    485
1852    684
907    1759
1121    1143
1279    833
18    1988
2193    1033
177    340
2193    319
907    166
1475    222
1879    2227
1957    1138
1301    970
942    1798
1329    1572
1279    628
544    40
907    943
1957    181
2193    692
111    179
582    1952
934    1400
756    576
398    1205
1852    1226
879    1040
1957    176
1879    99
1957    1476
2232    1592
1475    2079
1329    1475
1301    426
1301    834
1957    1981
287    346
309    2129
121    1358
1293    2003
1976    700
2193    566
1688    1336
1179    1586
1957    71
18    2062
879    1204
1301    902
907    332
1301    624
1957    2037
900    171
1463    1785
2031    1544
1990    222
121    1572
802    1049
2193    310
1957    1231
102    1376
1959    837
1957    623
544    372
1301    1597
1322    590
1301    1935
440    648
398    1522
1957    877
1489    174
1957    1114
1852    903
2031    1986
1301    595
1035    2158
1938    243
2232    292
183    439
2193    1545
544    151
2193    372
1852    2144
1990    2079
1301    819
1976    1010
879    1724
1768    1598
1310    1405
183    824
934    702
802    1326
1879    215
544    157
1475    1740
1957    1332
111    1696
934    548
930    834
1301    297
1301    629
2116    555
929    325
993    355
995    784
900    1060
1688    2107
183    1331
2116    650
2143    2049
111    809
900    360
1957    1001
317    1750
2193    492
181    1953
317    976
1093    217
1957    1643
2059    1492
1957    535
1463    189
177    1897
1957    1824
1035    1217
756    283
900    2142
1419    2154
2193    337
287    2047
1978    1694
1329    1070
1957    677
1957    1312
317    914
544    1087
1957    1620
102    439
606    1906
1435    1105
993    349
1852    1856
934    1837
2045    1474
582    635
1938    1148
2031    1895
1419    2072
318    1196
1852    1009
1263    184
1957    1689
1957    155
1582    1068
2030    1152
1957    1723
2031    204
1957    1652
2018    1442
900    1695
1957    457
1852    1266
544    833
1301    971
1957    1073
1852    639
102    1301
2030    1002
1301    1020
929    1174
1301    1033
181    335
1301    319
934    81
121    1070
1301    33
1957    2091
934    1843
1957    1934
1027    1045
591    429
1957    2115
854    1341
1978    833
1957    1246
936    419
1179    2155
900    1868
1454    1404
287    1504
1688    1054
1435    1589
1688    1688
1957    404
1957    704
2193    2081
1957    586
1852    453
1170    599
1301    566
1957    2201
1957    607
1329    357
590    1413
1971    2079
2024    1302
1301    1793
1883    1336
1301    310
1301    994
900    1042
2052    79
930    1384
2193    1840
1301    250
1301    618
2061    1066
900    797
541    439
1957    991
900    2043
1957    1670
2193    1657
1454    1004
1957    405
541    824
2019    2107
2232    409
1329    243
1957    850
1301    372
2193    1614
606    317
993    1986
1957    538
111    1949
1957    743
900    1182
1475    915
1957    601
1938    1065
1419    1027
2024    1371
2018    432
1957    1130
1879    198
133    1740
263    1373
541    1331
993    949
756    824
724    989
1688    350
1301    1877
934    2107
2193    1344
18    62
1454    1151
2232    90
1688    1383
398    1055
1027    1205
1125    1448
2141    547
930    8
995    1815
1301    164
1957    1094
1767    1897
1957    1746
1938    1846
1957    274
1990    915
1957    375
544    1874
1852    1324
724    1790
1301    941
1301    1502
2031    972
934    380
1489    841
1957    945
1301    1375
132    1539
1610    264
1301    1343
1610    1511
111    1090
2031    1015
1829    174
1301    353
591    1108
544    687
1879    804
934    452
2193    242
2074    2083
132    574
134    175
930    157
309    1795
851    286
398    462
645    1986
2116    850
132    439
2157    1057
1957    431
544    1865
1993    401
1301    1088
2110    473
1610    2040
724    724
402    1210
1957    406
2031    1992
1301    2077
1672    886
1957    207
132    79
1688    104
133    983
1301    347
1852    2213
2193    355
1023    1023
189    1245
1125    2189
1293    834
2045    1300
1957    822
121    1148
111    1530
1957    1467
934    1277
1978    355
2193    1194
398    2045
583    1054
1035    1302
1957    156
879    1061
1400    467
930    1087
1957    1682
1400    483
111    111
1463    2038
1611    1656
1475    2230
934    1716
2193    1586
2059    1373
1957    1318
544    1876
1938    1885
1279    1501
1957    2214
1301    1840
1957    338
2045    1246
1653    1838
2030    1468
1161    1373
582    92
1957    29
1976    732
1957    729
541    423
1419    1246
1121    1377
756    1935
1301    424
111    1538
134    1415
2059    579
1957    984
1957    456
177    177
2070    2072
189    983
1121    1856
1768    1288
121    38
1957    1870
1879    1487
993    2237
2232    1029
756    423
930    115
226    226
1971    915
934    350
1463    1553
1990    2230
606    613
544    1656
724    2155
418    1121
287    689
189    1869
1852    1638
2232    1068
756    307
1027    1925
1301    1721
1489    349
1957    63
1957    343
1767    338
1957    1267
1301    1866
1463    985
1957    1562
1301    1700
398    414
121    574
1610    1671
2030    1254
189    1843
542    1373
544    1884
1957    2137
2193    82
627    833
544    1544
2031    794
133    2017
1610    1483
2193    1241
934    1567
2116    1367
1301    1083
1270    1616
544    1986
900    2056
374    830
1301    1162
1301    1478
606    1740
1957    818
1301    137
1672    1254
102    157
900    1385
374    1545
2193    1986
544    2208
1301    1878
1957    1729
1957    1541
1610    1715
111    286
934    1718
934    2083
398    116
645    2237
930    1866
1957    223
1978    1986
900    505
1301    866
1301    2060
1301    2069
1301    37
947    1383
1419    630
2193    77
900    1813
1301    355
2193    949
1301    2000
583    104
132    307
1251    1362
1957    177
111    80
1301    1647
2005    1066
2233    472
2031    864
1852    810
1957    899
934    2154
1978    949
1301    1328
1957    2002
694    952
934    1136
1121    529
111    1676
1829    841
1957    415
1756    1200
2232    1969
398    2036
1301    997
2059    1764
1691    1055
2074    340
900    2007
1559    1986
181    622
1179    1066
111    1358
2193    2228
287    105
72    217
2074    1980
1938    994
756    756
1301    329
1610    1358
1093    901
2045    822
606    2096
2193    1501
134    1105
2193    860
121    64
1978    2228
1301    1024
1419    822
1879    1195
1179    731
1125    2186
2193    2014
486    602
402    1883
1957    2010
1463    1815
1957    1930
1027    462
1301    195
1301    1820
1957    871
606    983
1310    494
1957    1086
544    1030
1301    1858
2141    2107
934    1041
1583    494
1976    1854
317    789
1957    1415
606    36
879    1640
1794    898
590    603
934    407
544    817
2045    338
1957    95
102    94
102    626
1301    367
2193    873
1957    213
1688    1652
1489    326
591    1392
2030    1671
2193    817
1489    1492
1957    312
121    1540
1957    1664
1301    313
1993    1868
1094    1055
1768    1262
1978    873
1179    225
2019    1768
1879    179
1957    1481
134    1589
1990    2154
694    2046
1179    1405
606    1843
1957    1085
1957    1948
900    265
345    1373
2188    1415
132    994
132    8
1852    120
132    618
1301    1901
1475    515
102    1985
2232    2050
181    118
111    261
96    528
1688    404
1301    2089
2232    1093
1035    820
993    1123
181    1657
1610    730
1957    248
1957    2227
544    2237
2193    653
1301    1986
645    1373
934    71
2059    1675
1957    13
1463    555
1301    399
1852    1456
1301    77
1037    1991
1957    619
177    599
2070    1281
1329    174
132    157
132    377
900    478
111    1106
1978    2237
2116    1756
1957    1850
1301    1532
177    935
1829    349
1301    908
133    2112
102    1874
1322    401
930    1544
1475    1230
1489    1204
2193    468
1301    2035
1957    83
1301    2012
113    1055
930    1986
1957    170
1957    1008
1957    878
1852    1697
2110    667
1852    1386
1610    112
1301    829
2193    972
1957    2192
1978    1708
1559    2237
2193    1477
2193    1601
934    1726
934    340
2045    203
1957    1805
102    1865
2232    889
724    1373
287    407
1957    986
929    1152
1301    391
1957    1686
1957    499
1301    553
1957    1463
2031    1436
1672    1358
1990    1230
1957    1104
1322    1121
2030    1475
226    1040
1611    1373
1879    524
1971    2154
1301    637
1301    1642
1830    599
1672    1572
1879    24
934    1669
1957    981
544    1060
638    956
486    718
1301    1426
1035    337
1301    817
544    360
226    1204
1978    1491
900    1126
287    181
1518    1215
1971    2072
2193    2145
1125    2045
582    776
2193    1060
1938    1101
1957    599
1672    1475
544    2142
1435    2229
802    184
930    1895
287    1768
934    1934
1301    982
121    552
1830    303
1957    935
757    1656
2045    325
900    1648
1957    1896
1463    1689
226    1724
1635    1989
1852    1983
2110    1398
269    480
1301    2217
2193    1072
1090    1745
2031    1835
1396    1373
1557    1638
1322    1708
583    404
1301    653
544    1695
1301    1737
934    1019
1093    36
2141    104
591    1198
1957    690
900    154
1957    1559
2116    1463
287    1960
1656    1184
1475    1394
1879    1402
309    1362
1688    338
2059    914
627    326
2030    85
135    2083
1957    682
1301    1284
1310    1585
132    2215
181    724
183    1275
583    1897
1829    326
1301    710
2193    699
1957    1227
1179    1813
1829    1492
2045    248
900    2166
1688    928
2070    338
1463    1281
374    1170
724    1405
1419    248
181    1656
1957    114
1957    1732
1301    1274
2110    536
1957    232
1400    351
993    41
1957    69
1959    2186
1672    1070
1971    1027
2059    371
900    1817
113    1429
1400    838
1938    349
544    797
1475    1897
544    2043
1957    198
900    1333
1852    1238
1435    1882
269    171
2193    731
1957    2200
1656    1928
55    989
1852    1506
1023    163
226    1060
544    1182
1479    851
2045    83
177    684
2143    1402
2193    785
900    122
2070    1173
2233    603
132    2060
2233    49
2116    1841
1976    662
132    355
2024    1190
2031    2082
1957    1021
900    2129
1301    803
2030    1839
177    1745
1400    1262
1270    762
1559    1066
900    1571
102    326
1301    932
1419    301
1301    2145
1957    1873
1829    1204
2193    864
2193    1800
1301    1931
1301    1060
1027    1341
1852    1660
1301    360
1976    1631
907    340
1301    656
1852    670
907    535
1938    2150
1322    251
1475    630
2143    42
1301    2121
854    2239
1957    1023
1672    357
1688    268
1301    1926
1957    1058
1610    574
929    1692
1301    531
1883    822
2193    507
2031    416
1293    571
177    903
930    1992
336    1307
879    999
1957    1955
2232    425
2110    379
934    2
760    937
384    1474
1672    243
177    2144
1957    585
407    873
929    145
627    1708
900    2130
1830    684
1957    621
121    2122
1990    630
1993    976
1957    925
583    338
591    965
2193    853
287    1130
993    1081
1027    787
2193    490
2116    2028
1301    1673
1946    544
907    1934
133    544
1301    699
1957    1049
1976    1127
1957    684
1301    540
934    1659
2232    512
583    928
934    1870
1957    354
1971    1246
590    2019
1879    1339
2031    641
1879    906
1279    483
1293    1492
1270    1383
1957    1326
1653    1883
1121    1229
1301    1066
2024    326
121    866
1794    120
111    1488
183    171
2116    1058
132    1544
1293    1895
1329    349
1301    840
1957    1285
1301    1645
934    1267
269    1066
1301    1849
1301    1032
1518    1301
111    254
1938    513
1301    1860
900    160
1301    1967
374    1204
934    974
2193    551
1301    21
132    1986
1093    291
1027    772
1121    397
900    1698
1583    1522
582    411
55    2155
1957    568
606    650
1035    1190
993    1091
1957    395
993    2160
1463    884
1301    305
135    1312
1301    1789
2232    306
1400    1029
1938    1030
1938    1360
398    20
900    1599
226    1061
407    1274
2059    1592
1957    315
1879    286
993    1600
1289    202
578    1897
181    1543
121    258
2116    1313
1475    459
